0 0.4423076923076923 0.2980769230769231 0.10096153846153846 0.0985576923076923
0 0.35096153846153844 0.23918269230769232 0.06009615384615385 0.0625
0 0.4074519230769231 0.4387019230769231 0.09375 0.11298076923076923
0 0.5408653846153846 0.5528846153846154 0.10817307692307693 0.07451923076923077
0 0.5084134615384616 0.5132211538461539 0.07692307692307693 0.04567307692307692
0 0.296875 0.6706730769230769 0.07932692307692307 0.12259615384615384
0 0.2956730769230769 0.8353365384615384 0.11778846153846154 0.1658653846153846
0 0.28846153846153844 0.4651442307692308 0.06009615384615385 0.07692307692307693
0 0.2920673076923077 0.3293269230769231 0.07451923076923077 0.09134615384615384
0 0.4987980769230769 0.3762019230769231 0.04567307692307692 0.038461538461538464
0 0.515625 0.4074519230769231 0.04326923076923077 0.028846153846153848
0 0.47475961538461536 0.3473557692307692 0.03365384615384615 0.028846153846153848
0 0.4014423076923077 0.17908653846153846 0.040865384615384616 0.03125