0 0.7115384615384616 0.23197115384615385 0.3004807692307692 0.25961538461538464
0 0.6466346153846154 0.5456730769230769 0.22355769230769232 0.13701923076923078
0 0.71875 0.6694711538461539 0.1875 0.09375
0 0.7139423076923077 0.7451923076923077 0.12740384615384615 0.0673076923076923
0 0.6322115384615384 0.7560096153846154 0.11298076923076923 0.057692307692307696
0 0.5805288461538461 0.7704326923076923 0.0985576923076923 0.04807692307692308
0 0.6358173076923077 0.8257211538461539 0.06971153846153846 0.040865384615384616
0 0.4182692307692308 0.5721153846153846 0.12980769230769232 0.07451923076923077
0 0.41225961538461536 0.6153846153846154 0.09375 0.06009615384615385
0 0.49158653846153844 0.6887019230769231 0.07932692307692307 0.04807692307692308
0 0.3485576923076923 0.640625 0.09615384615384616 0.055288461538461536
0 0.30649038461538464 0.5877403846153846 0.0673076923076923 0.04326923076923077
0 0.1502403846153846 0.15144230769230768 0.14423076923076922 0.12740384615384615