0 0.7932692307692307 0.47475961538461536 0.06009615384615385 0.052884615384615384
0 0.6177884615384616 0.35096153846153844 0.25240384615384615 0.07692307692307693
0 0.125 0.6346153846153846 0.24278846153846154 0.2932692307692308
0 0.057692307692307696 0.8966346153846154 0.10576923076923077 0.20673076923076922
0 0.5649038461538461 0.8425480769230769 0.375 0.27403846153846156
0 0.7608173076923077 0.6850961538461539 0.07932692307692307 0.07451923076923077
0 0.5252403846153846 0.5372596153846154 0.13221153846153846 0.08173076923076923
0 0.38822115384615385 0.6262019230769231 0.06009615384615385 0.040865384615384616
0 0.33533653846153844 0.4170673076923077 0.06009615384615385 0.04326923076923077
0 0.7007211538461539 0.44350961538461536 0.11298076923076923 0.0673076923076923
0 0.71875 0.5192307692307693 0.04807692307692308 0.03365384615384615
0 0.8377403846153846 0.6057692307692307 0.057692307692307696 0.057692307692307696
0 0.8028846153846154 0.7716346153846154 0.06009615384615385 0.06009615384615385
0 0.3786057692307692 0.32091346153846156 0.17067307692307693 0.04567307692307692