0 0.4423076923076923 0.9194711538461539 0.22596153846153846 0.13221153846153846
0 0.24278846153846154 0.8257211538461539 0.13942307692307693 0.0985576923076923
0 0.40384615384615385 0.7704326923076923 0.21875 0.07211538461538461
0 0.5228365384615384 0.6995192307692307 0.11538461538461539 0.057692307692307696
0 0.375 0.5805288461538461 0.0889423076923077 0.040865384615384616
0 0.052884615384615384 0.7932692307692307 0.10576923076923077 0.21153846153846154
0 0.25961538461538464 0.4855769230769231 0.08413461538461539 0.055288461538461536
0 0.4891826923076923 0.4795673076923077 0.07451923076923077 0.04326923076923077
0 0.7211538461538461 0.7752403846153846 0.06490384615384616 0.05048076923076923
0 0.7139423076923077 0.6766826923076923 0.06490384615384616 0.040865384615384616
0 0.6670673076923077 0.625 0.08173076923076923 0.05048076923076923
0 0.8557692307692307 0.9435096153846154 0.23076923076923078 0.11298076923076923