0 0.44471153846153844 0.16346153846153846 0.30288461538461536 0.2644230769230769
0 0.35096153846153844 0.46875 0.22355769230769232 0.14182692307692307
0 0.22596153846153846 0.5420673076923077 0.1875 0.09615384615384616
0 0.1935096153846154 0.6105769230769231 0.12980769230769232 0.06971153846153846
0 0.2608173076923077 0.6598557692307693 0.11298076923076923 0.06009615384615385
0 0.29927884615384615 0.6971153846153846 0.0985576923076923 0.05048076923076923
0 0.22355769230769232 0.7199519230769231 0.06971153846153846 0.04326923076923077
0 0.5360576923076923 0.6033653846153846 0.12980769230769232 0.07692307692307693
0 0.5216346153846154 0.6442307692307693 0.09615384615384616 0.06009615384615385
0 0.41586538461538464 0.6694711538461539 0.07932692307692307 0.04807692307692308
0 0.5649038461538461 0.6959134615384616 0.09615384615384616 0.055288461538461536
0 0.6262019230769231 0.6706730769230769 0.0673076923076923 0.04567307692307692
0 0.9519230769230769 0.3641826923076923 0.09615384615384616 0.12740384615384615