0 0.5180288461538461 0.7103365384615384 0.08653846153846154 0.08413461538461539
0 0.5961538461538461 0.7836538461538461 0.05048076923076923 0.055288461538461536
0 0.5793269230769231 0.578125 0.07692307692307693 0.10336538461538461
0 0.4699519230769231 0.4411057692307692 0.10096153846153846 0.055288461538461536
0 0.4951923076923077 0.4855769230769231 0.07211538461538461 0.03365384615384615
0 0.7319711538461539 0.3713942307692308 0.06009615384615385 0.11538461538461539
0 0.7644230769230769 0.2091346153846154 0.09134615384615384 0.15384615384615385
0 0.7007211538461539 0.5745192307692307 0.04807692307692308 0.07211538461538461
0 0.671875 0.7067307692307693 0.06009615384615385 0.08173076923076923
0 0.47836538461538464 0.6225961538461539 0.040865384615384616 0.03125
0 0.4675480769230769 0.5877403846153846 0.040865384615384616 0.021634615384615384
0 0.4963942307692308 0.6550480769230769 0.028846153846153848 0.02403846153846154
0 0.5360576923076923 0.8341346153846154 0.036057692307692304 0.02403846153846154