0 0.38822115384615385 0.29927884615384615 0.23557692307692307 0.13942307692307693
0 0.5985576923076923 0.13341346153846154 0.1466346153846154 0.13942307692307693
0 0.5516826923076923 0.35216346153846156 0.125 0.08173076923076923
0 0.5324519230769231 0.4254807692307692 0.0985576923076923 0.06490384615384616
0 0.41466346153846156 0.40384615384615385 0.10096153846153846 0.06490384615384616
0 0.4170673076923077 0.5060096153846154 0.0889423076923077 0.04567307692307692
0 0.6177884615384616 0.5024038461538461 0.1658653846153846 0.06490384615384616
0 0.71875 0.4483173076923077 0.10336538461538461 0.055288461538461536
0 0.5360576923076923 0.5612980769230769 0.09134615384615384 0.040865384615384616
0 0.06971153846153846 0.4110576923076923 0.13942307692307693 0.11057692307692307
0 0.12139423076923077 0.47716346153846156 0.10576923076923077 0.057692307692307696
0 0.17668269230769232 0.5120192307692307 0.1201923076923077 0.0673076923076923
0 0.25240384615384615 0.5709134615384616 0.06971153846153846 0.03365384615384615
0 0.32211538461538464 0.59375 0.07211538461538461 0.03365384615384615
0 0.2860576923076923 0.6394230769230769 0.11057692307692307 0.04567307692307692
0 0.421875 0.6646634615384616 0.10576923076923077 0.04326923076923077
0 0.3762019230769231 0.6478365384615384 0.0673076923076923 0.03125
0 0.5288461538461539 0.609375 0.06009615384615385 0.028846153846153848