0 0.7908653846153846 0.45913461538461536 0.06971153846153846 0.06490384615384616
0 0.6478365384615384 0.6189903846153846 0.25961538461538464 0.12259615384615384
0 0.125 0.4519230769230769 0.25 0.3317307692307692
0 0.02403846153846154 0.2091346153846154 0.04807692307692308 0.22596153846153846
0 0.4855769230769231 0.15985576923076922 0.4182692307692308 0.31971153846153844
0 0.7115384615384616 0.2608173076923077 0.09134615384615384 0.0889423076923077
0 0.515625 0.45913461538461536 0.14423076923076922 0.10576923076923077
0 0.3629807692307692 0.4026442307692308 0.0673076923076923 0.05048076923076923
0 0.3581730769230769 0.6177884615384616 0.0673076923076923 0.055288461538461536
0 0.7079326923076923 0.5096153846153846 0.12259615384615384 0.0889423076923077
0 0.7091346153846154 0.4326923076923077 0.052884615384615384 0.04326923076923077
0 0.8052884615384616 0.32091346153846156 0.0673076923076923 0.0673076923076923
0 0.734375 0.16706730769230768 0.07211538461538461 0.07211538461538461
0 0.4230769230769231 0.7019230769230769 0.17548076923076922 0.07692307692307693