0 0.6574519230769231 0.5372596153846154 0.08653846153846154 0.040865384615384616
0 0.6682692307692307 0.5793269230769231 0.06009615384615385 0.028846153846153848
0 0.6778846153846154 0.375 0.0673076923076923 0.03365384615384615
0 0.7127403846153846 0.27524038461538464 0.09375 0.04326923076923077
0 0.5588942307692307 0.19951923076923078 0.21394230769230768 0.14182692307692307
0 0.1310096153846154 0.34615384615384615 0.052884615384615384 0.05048076923076923
0 0.35096153846153844 0.3112980769230769 0.057692307692307696 0.052884615384615384
0 0.4723557692307692 0.5817307692307693 0.05048076923076923 0.02403846153846154
0 0.23557692307692307 0.6213942307692307 0.1466346153846154 0.040865384615384616
0 0.0889423076923077 0.5721153846153846 0.04326923076923077 0.026442307692307692
0 0.13942307692307693 0.5444711538461539 0.04326923076923077 0.02403846153846154
0 0.040865384615384616 0.46875 0.07692307692307693 0.026442307692307692
0 0.056490384615384616 0.4963942307692308 0.06009615384615385 0.019230769230769232
0 0.3233173076923077 0.42788461538461536 0.06490384615384616 0.028846153846153848
0 0.26802884615384615 0.38341346153846156 0.040865384615384616 0.026442307692307692
0 0.38100961538461536 0.06370192307692307 0.11778846153846154 0.1201923076923077