0 0.3737980769230769 0.6935096153846154 0.2403846153846154 0.15384615384615385
0 0.5733173076923077 0.8725961538461539 0.15384615384615385 0.1466346153846154
0 0.5420673076923077 0.6514423076923077 0.12740384615384615 0.0889423076923077
0 0.5264423076923077 0.5769230769230769 0.10096153846153846 0.06971153846153846
0 0.4074519230769231 0.5901442307692307 0.10336538461538461 0.06971153846153846
0 0.4170673076923077 0.4879807692307692 0.09134615384615384 0.052884615384615384
0 0.6177884615384616 0.5060096153846154 0.1658653846153846 0.07451923076923077
0 0.7139423076923077 0.5661057692307693 0.10336538461538461 0.06009615384615385
0 0.5408653846153846 0.4411057692307692 0.09134615384615384 0.04567307692307692
0 0.06850961538461539 0.5564903846153846 0.13701923076923078 0.11778846153846154
0 0.12139423076923077 0.4963942307692308 0.10576923076923077 0.06490384615384616
0 0.17908653846153846 0.4651442307692308 0.12259615384615384 0.07451923076923077
0 0.25721153846153844 0.41225961538461536 0.06971153846153846 0.038461538461538464
0 0.3293269230769231 0.3942307692307692 0.07211538461538461 0.038461538461538464
0 0.296875 0.34615384615384615 0.11057692307692307 0.052884615384615384
0 0.4326923076923077 0.33052884615384615 0.10576923076923077 0.04807692307692308
0 0.3870192307692308 0.34375 0.0673076923076923 0.03365384615384615
0 0.5360576923076923 0.3918269230769231 0.06009615384615385 0.03365384615384615