0 0.5360576923076923 0.07692307692307693 0.21875 0.1201923076923077
0 0.7403846153846154 0.16105769230769232 0.1346153846153846 0.09134615384615384
0 0.5817307692307693 0.2247596153846154 0.21634615384615385 0.06009615384615385
0 0.46634615384615385 0.3016826923076923 0.11298076923076923 0.05048076923076923
0 0.6201923076923077 0.41346153846153844 0.0889423076923077 0.036057692307692304
0 0.9423076923076923 0.18028846153846154 0.11538461538461539 0.20673076923076922
0 0.7403846153846154 0.5012019230769231 0.08173076923076923 0.05048076923076923
0 0.5120192307692307 0.5192307692307693 0.07211538461538461 0.038461538461538464
0 0.2644230769230769 0.23677884615384615 0.0625 0.04567307692307692
0 0.2764423076923077 0.33533653846153844 0.0625 0.038461538461538464
0 0.3269230769230769 0.38341346153846156 0.07932692307692307 0.04807692307692308
0 0.11899038461538461 0.0625 0.22355769230769232 0.125