0 0.27283653846153844 0.3798076923076923 0.21153846153846154 0.12740384615384615
0 0.5060096153846154 0.29447115384615385 0.1658653846153846 0.125
0 0.38100961538461536 0.12139423076923077 0.1466346153846154 0.16346153846153846
0 0.7596153846153846 0.046875 0.11538461538461539 0.06490384615384616
0 0.1778846153846154 0.48197115384615385 0.08173076923076923 0.06009615384615385
0 0.08653846153846154 0.5036057692307693 0.0889423076923077 0.055288461538461536
0 0.3605769230769231 0.5456730769230769 0.1346153846153846 0.06009615384615385
0 0.24879807692307693 0.5420673076923077 0.07932692307692307 0.040865384615384616
0 0.23317307692307693 0.5841346153846154 0.04567307692307692 0.03125
0 0.7560096153846154 0.5096153846153846 0.09134615384615384 0.038461538461538464
0 0.9639423076923077 0.49278846153846156 0.07211538461538461 0.07692307692307693