0 0.5432692307692307 0.921875 0.22115384615384615 0.125
0 0.7463942307692307 0.8341346153846154 0.13701923076923078 0.09375
0 0.5865384615384616 0.7740384615384616 0.21875 0.06490384615384616
0 0.4699519230769231 0.6983173076923077 0.11538461538461539 0.052884615384615384
0 0.6225961538461539 0.5841346153846154 0.0889423076923077 0.036057692307692304
0 0.9435096153846154 0.8088942307692307 0.11298076923076923 0.2091346153846154
0 0.7403846153846154 0.49399038461538464 0.08173076923076923 0.052884615384615384
0 0.5108173076923077 0.4807692307692308 0.07451923076923077 0.040865384615384616
0 0.2692307692307692 0.7680288461538461 0.06490384615384616 0.04807692307692308
0 0.2800480769230769 0.6682692307692307 0.06490384615384616 0.038461538461538464
0 0.328125 0.6189903846153846 0.07932692307692307 0.04807692307692308
0 0.12740384615384615 0.9387019230769231 0.22596153846153846 0.12259615384615384