0 0.6262019230769231 0.7884615384615384 0.2548076923076923 0.22596153846153846
0 0.5600961538461539 0.48677884615384615 0.1971153846153846 0.12980769230769232
0 0.6165865384615384 0.3737980769230769 0.15384615384615385 0.09134615384615384
0 0.6117788461538461 0.30288461538461536 0.10817307692307693 0.06009615384615385
0 0.5132211538461539 0.36538461538461536 0.1346153846153846 0.08173076923076923
0 0.38221153846153844 0.4483173076923077 0.10576923076923077 0.0625
0 0.37259615384615385 0.40865384615384615 0.08653846153846154 0.052884615384615384
0 0.4326923076923077 0.3425480769230769 0.055288461538461536 0.03365384615384615
0 0.5432692307692307 0.28725961538461536 0.07932692307692307 0.040865384615384616
0 0.5048076923076923 0.2704326923076923 0.08413461538461539 0.04326923076923077
0 0.16706730769230768 0.8317307692307693 0.11538461538461539 0.10817307692307693
0 0.5492788461538461 0.22115384615384615 0.057692307692307696 0.03365384615384615
0 0.3233173076923077 0.3798076923076923 0.08413461538461539 0.05048076923076923