0 0.5252403846153846 0.29086538461538464 0.0889423076923077 0.08653846153846154
0 0.6057692307692307 0.21995192307692307 0.052884615384615384 0.055288461538461536
0 0.5829326923076923 0.4254807692307692 0.07932692307692307 0.10576923076923077
0 0.46875 0.5576923076923077 0.10336538461538461 0.06009615384615385
0 0.49399038461538464 0.5144230769230769 0.07211538461538461 0.036057692307692304
0 0.7283653846153846 0.6358173076923077 0.0625 0.11538461538461539
0 0.7536057692307693 0.7992788461538461 0.09615384615384616 0.15625
0 0.703125 0.4326923076923077 0.04807692307692308 0.07211538461538461
0 0.6790865384615384 0.29927884615384615 0.0625 0.08413461538461539
0 0.48197115384615385 0.37740384615384615 0.040865384615384616 0.03365384615384615
0 0.4699519230769231 0.4110576923076923 0.040865384615384616 0.02403846153846154
0 0.5012019230769231 0.3449519230769231 0.03125 0.02403846153846154
0 0.546875 0.16706730769230768 0.038461538461538464 0.026442307692307692