0 0.4170673076923077 0.2848557692307692 0.22355769230769232 0.11057692307692307
0 0.6490384615384616 0.15144230769230768 0.13221153846153846 0.12259615384615384
0 0.5721153846153846 0.3605769230769231 0.11538461538461539 0.06490384615384616
0 0.5420673076923077 0.43028846153846156 0.09375 0.052884615384615384
0 0.42788461538461536 0.39302884615384615 0.09615384615384616 0.052884615384615384
0 0.4170673076923077 0.49399038461538464 0.08653846153846154 0.036057692307692304
0 0.6165865384615384 0.5180288461538461 0.16346153846153846 0.04326923076923077
0 0.7235576923076923 0.4795673076923077 0.0985576923076923 0.040865384615384616
0 0.5276442307692307 0.5661057692307693 0.0889423076923077 0.028846153846153848
0 0.07572115384615384 0.34975961538461536 0.15144230769230768 0.0889423076923077
0 0.12860576923076922 0.42427884615384615 0.10096153846153846 0.04567307692307692
0 0.1778846153846154 0.4675480769230769 0.11298076923076923 0.052884615384615384
0 0.2439903846153846 0.5360576923076923 0.0673076923076923 0.02403846153846154
0 0.3112980769230769 0.5685096153846154 0.06971153846153846 0.02403846153846154
0 0.2692307692307692 0.6081730769230769 0.10817307692307693 0.03125
0 0.39903846153846156 0.6514423076923077 0.10336538461538461 0.028846153846153848
0 0.35697115384615385 0.6286057692307693 0.06490384615384616 0.021634615384615384
0 0.5132211538461539 0.6129807692307693 0.057692307692307696 0.021634615384615384