0 0.640625 0.4579326923076923 0.07451923076923077 0.05048076923076923
0 0.8365384615384616 0.13822115384615385 0.17307692307692307 0.19471153846153846
0 0.7475961538461539 0.078125 0.09375 0.11298076923076923
0 0.6418269230769231 0.25240384615384615 0.10096153846153846 0.10096153846153846
0 0.5420673076923077 0.24759615384615385 0.10336538461538461 0.09375
0 0.4026442307692308 0.24519230769230768 0.08413461538461539 0.07211538461538461
0 0.46875 0.125 0.10096153846153846 0.11057692307692307
0 0.6057692307692307 0.0889423076923077 0.11057692307692307 0.12259615384615384
0 0.5396634615384616 0.026442307692307692 0.13221153846153846 0.052884615384615384
0 0.3112980769230769 0.07091346153846154 0.13701923076923078 0.0985576923076923
0 0.5324519230769231 0.4254807692307692 0.04807692307692308 0.04567307692307692
0 0.5733173076923077 0.44711538461538464 0.038461538461538464 0.02403846153846154
0 0.4699519230769231 0.4831730769230769 0.16826923076923078 0.15144230769230768
0 0.20552884615384615 0.328125 0.35096153846153844 0.27163461538461536
0 0.046875 0.1502403846153846 0.09375 0.19471153846153846