0 0.4206730769230769 0.45913461538461536 0.4543269230769231 0.3918269230769231
0 0.1310096153846154 0.7127403846153846 0.2620192307692308 0.28125
0 0.8137019230769231 0.5925480769230769 0.27163461538461536 0.18028846153846154
0 0.7884615384615384 0.7091346153846154 0.27403846153846156 0.18990384615384615
0 0.7079326923076923 0.8605769230769231 0.27163461538461536 0.27884615384615385
0 0.7175480769230769 0.42908653846153844 0.28365384615384615 0.18269230769230768
0 0.7139423076923077 0.32211538461538464 0.16346153846153846 0.09134615384615384
0 0.46274038461538464 0.14543269230769232 0.18509615384615385 0.11057692307692307
0 0.6466346153846154 0.22235576923076922 0.18990384615384615 0.11778846153846154
0 0.8149038461538461 0.22716346153846154 0.15384615384615385 0.1201923076923077
0 0.7512019230769231 0.14543269230769232 0.11298076923076923 0.07451923076923077
0 0.6514423076923077 0.09495192307692307 0.125 0.0673076923076923
0 0.5384615384615384 0.09254807692307693 0.125 0.06971153846153846
0 0.3605769230769231 0.06610576923076923 0.09134615384615384 0.052884615384615384
0 0.4026442307692308 0.026442307692307692 0.06490384615384616 0.036057692307692304
0 0.43149038461538464 0.003605769230769231 0.06009615384615385 0.007211538461538462
0 0.4951923076923077 0.02403846153846154 0.06490384615384616 0.040865384615384616