0 0.5877403846153846 0.515625 0.40865384615384615 0.3269230769230769
0 0.8305288461538461 0.17548076923076922 0.31490384615384615 0.2283653846153846
0 0.17307692307692307 0.5024038461538461 0.25721153846153844 0.13701923076923078
0 0.16346153846153846 0.38461538461538464 0.25721153846153844 0.1466346153846154
0 0.19110576923076922 0.20552884615384615 0.23076923076923078 0.2644230769230769
0 0.3137019230769231 0.6310096153846154 0.2692307692307692 0.13701923076923078
0 0.3473557692307692 0.7331730769230769 0.15865384615384615 0.06490384615384616
0 0.6382211538461539 0.828125 0.17548076923076922 0.07932692307692307
0 0.4411057692307692 0.8088942307692307 0.18028846153846154 0.08653846153846154
0 0.27884615384615385 0.8533653846153846 0.14182692307692307 0.09615384615384616
0 0.3641826923076923 0.9122596153846154 0.10817307692307693 0.055288461538461536
0 0.4735576923076923 0.9326923076923077 0.1201923076923077 0.04567307692307692
0 0.5829326923076923 0.9014423076923077 0.1201923076923077 0.05048076923076923
0 0.7608173076923077 0.8737980769230769 0.08653846153846154 0.038461538461538464
0 0.7319711538461539 0.9242788461538461 0.0625 0.02403846153846154
0 0.7139423076923077 0.9663461538461539 0.057692307692307696 0.02403846153846154
0 0.6442307692307693 0.953125 0.0625 0.028846153846153848