0 0.75 0.4387019230769231 0.22355769230769232 0.15384615384615385
0 0.5444711538461539 0.29927884615384615 0.18028846153846154 0.14423076923076922
0 0.7067307692307693 0.1622596153846154 0.1658653846153846 0.18028846153846154
0 0.35697115384615385 0.019230769230769232 0.12259615384615384 0.038461538461538464
0 0.8161057692307693 0.5600961538461539 0.0889423076923077 0.06971153846153846
0 0.9002403846153846 0.6033653846153846 0.09375 0.06490384615384616
0 0.625 0.578125 0.13942307692307693 0.07692307692307693
0 0.7331730769230769 0.6021634615384616 0.08173076923076923 0.05048076923076923
0 0.7379807692307693 0.6466346153846154 0.05048076923076923 0.038461538461538464
0 0.24879807692307693 0.44711538461538464 0.09375 0.05048076923076923
0 0.05048076923076923 0.38221153846153844 0.08173076923076923 0.08413461538461539