0 0.6418269230769231 0.21754807692307693 0.2620192307692308 0.23557692307692307
0 0.5588942307692307 0.515625 0.19951923076923078 0.13701923076923078
0 0.6105769230769231 0.6310096153846154 0.15625 0.0985576923076923
0 0.6009615384615384 0.703125 0.10817307692307693 0.06490384615384616
0 0.5060096153846154 0.6346153846153846 0.13701923076923078 0.08653846153846154
0 0.3798076923076923 0.5444711538461539 0.10817307692307693 0.0673076923076923
0 0.36778846153846156 0.5841346153846154 0.0889423076923077 0.057692307692307696
0 0.4254807692307692 0.6538461538461539 0.055288461538461536 0.036057692307692304
0 0.5324519230769231 0.7151442307692307 0.07932692307692307 0.04567307692307692
0 0.49278846153846156 0.7295673076923077 0.08413461538461539 0.04567307692307692
0 0.18509615384615385 0.15144230769230768 0.1201923076923077 0.11298076923076923
0 0.5348557692307693 0.7800480769230769 0.057692307692307696 0.036057692307692304
0 0.3173076923076923 0.6105769230769231 0.08413461538461539 0.052884615384615384