0 0.5817307692307693 0.4651442307692308 0.43990384615384615 0.3701923076923077
0 0.8629807692307693 0.7415865384615384 0.27403846153846156 0.2620192307692308
0 0.18028846153846154 0.5709134615384616 0.2668269230769231 0.1658653846153846
0 0.1971153846153846 0.6887019230769231 0.2692307692307692 0.17548076923076922
0 0.265625 0.8557692307692307 0.25721153846153844 0.28846153846153844
0 0.28846153846153844 0.41346153846153844 0.27884615384615385 0.16826923076923078
0 0.29927884615384615 0.3076923076923077 0.16346153846153846 0.08173076923076923
0 0.5612980769230769 0.14903846153846154 0.18269230769230768 0.0985576923076923
0 0.3737980769230769 0.2127403846153846 0.18509615384615385 0.10576923076923077
0 0.20552884615384615 0.20552884615384615 0.15144230769230768 0.11298076923076923
0 0.27403846153846156 0.12860576923076922 0.11057692307692307 0.0673076923076923
0 0.3762019230769231 0.08533653846153846 0.12259615384615384 0.06009615384615385
0 0.49038461538461536 0.09014423076923077 0.12259615384615384 0.0625
0 0.6694711538461539 0.07692307692307693 0.0889423076923077 0.04807692307692308
0 0.6298076923076923 0.03365384615384615 0.06490384615384616 0.03125
0 0.6021634615384616 0.006009615384615385 0.06009615384615385 0.01201923076923077
0 0.5384615384615384 0.025240384615384616 0.06490384615384616 0.036057692307692304