0 0.7512019230769231 0.44711538461538464 0.22596153846153846 0.15865384615384615
0 0.5504807692307693 0.3004807692307692 0.18269230769230768 0.14903846153846154
0 0.71875 0.16947115384615385 0.17067307692307693 0.18269230769230768
0 0.3737980769230769 0.016826923076923076 0.12259615384615384 0.03365384615384615
0 0.8137019230769231 0.5709134615384616 0.0889423076923077 0.07211538461538461
0 0.8954326923076923 0.6177884615384616 0.09615384615384616 0.06971153846153846
0 0.6213942307692307 0.5829326923076923 0.13942307692307693 0.08173076923076923
0 0.7295673076923077 0.609375 0.08413461538461539 0.052884615384615384
0 0.7331730769230769 0.6550480769230769 0.05048076923076923 0.038461538461538464
0 0.2512019230769231 0.4387019230769231 0.09375 0.052884615384615384
0 0.055288461538461536 0.36658653846153844 0.08413461538461539 0.08653846153846154