0 0.21394230769230768 0.4338942307692308 0.0673076923076923 0.0625
0 0.40384615384615385 0.33653846153846156 0.25721153846153844 0.11057692307692307
0 0.8521634615384616 0.6862980769230769 0.27884615384615385 0.32211538461538464
0 0.8810096153846154 0.921875 0.13221153846153846 0.15625
0 0.38822115384615385 0.8305288461538461 0.40865384615384615 0.32211538461538464
0 0.21634615384615385 0.6478365384615384 0.0889423076923077 0.08413461538461539
0 0.4699519230769231 0.5324519230769231 0.14182692307692307 0.10096153846153846
0 0.59375 0.640625 0.06490384615384616 0.04807692307692308
0 0.6742788461538461 0.4411057692307692 0.0673076923076923 0.052884615384615384
0 0.3088942307692308 0.41586538461538464 0.1201923076923077 0.08173076923076923
0 0.2800480769230769 0.4879807692307692 0.05048076923076923 0.040865384615384616
0 0.15144230769230768 0.5576923076923077 0.06490384615384616 0.06490384615384616
0 0.1622596153846154 0.7259615384615384 0.06971153846153846 0.06971153846153846
0 0.6442307692307693 0.3389423076923077 0.17307692307692307 0.06971153846153846