0 0.35336538461538464 0.5661057692307693 0.09134615384615384 0.055288461538461536
0 0.34975961538461536 0.609375 0.06490384615384616 0.038461538461538464
0 0.3016826923076923 0.41225961538461536 0.06971153846153846 0.04326923076923077
0 0.24879807692307693 0.31971153846153844 0.0985576923076923 0.057692307692307696
0 0.3858173076923077 0.21634615384615385 0.23317307692307693 0.17307692307692307
0 0.8329326923076923 0.27884615384615385 0.06009615384615385 0.06009615384615385
0 0.6105769230769231 0.2860576923076923 0.06490384615384616 0.0625
0 0.5420673076923077 0.5757211538461539 0.052884615384615384 0.03125
0 0.7824519230769231 0.5685096153846154 0.15144230769230768 0.0625
0 0.9170673076923077 0.49278846153846156 0.04807692307692308 0.03125
0 0.8629807692307693 0.47475961538461536 0.04567307692307692 0.028846153846153848
0 0.9435096153846154 0.38100961538461536 0.07932692307692307 0.038461538461538464
0 0.9350961538461539 0.41225961538461536 0.0625 0.028846153846153848
0 0.6598557692307693 0.3954326923076923 0.0673076923076923 0.038461538461538464
0 0.7055288461538461 0.34134615384615385 0.04326923076923077 0.03125
0 0.5336538461538461 0.057692307692307696 0.1346153846153846 0.11538461538461539