0 0.34375 0.8040865384615384 0.2692307692307692 0.21634615384615385
0 0.3485576923076923 0.4831730769230769 0.21153846153846154 0.10096153846153846
0 0.25240384615384615 0.375 0.18269230769230768 0.06009615384615385
0 0.24278846153846154 0.3004807692307692 0.125 0.04567307692307692
0 0.32211538461538464 0.27403846153846156 0.10817307692307693 0.038461538461538464
0 0.3701923076923077 0.25 0.0985576923076923 0.03125
0 0.30528846153846156 0.20552884615384615 0.0673076923076923 0.028846153846153848
0 0.5661057692307693 0.41346153846153844 0.125 0.052884615384615384
0 0.5649038461538461 0.3701923076923077 0.0889423076923077 0.04326923076923077
0 0.4723557692307692 0.3137019230769231 0.07451923076923077 0.03365384615384615
0 0.6213942307692307 0.3329326923076923 0.09134615384615384 0.038461538461538464
0 0.6730769230769231 0.3762019230769231 0.06490384615384616 0.03365384615384615
0 0.9098557692307693 0.7752403846153846 0.12740384615384615 0.10576923076923077