0 0.4254807692307692 0.8064903846153846 0.2283653846153846 0.19230769230769232
0 0.4387019230769231 0.49759615384615385 0.18509615384615385 0.10096153846153846
0 0.3629807692307692 0.39663461538461536 0.1466346153846154 0.06971153846153846
0 0.3557692307692308 0.32572115384615385 0.10336538461538461 0.04326923076923077
0 0.4639423076923077 0.3701923076923077 0.12740384615384615 0.06009615384615385
0 0.6069711538461539 0.42908653846153844 0.10096153846153846 0.04567307692307692
0 0.609375 0.38822115384615385 0.08413461538461539 0.040865384615384616
0 0.5384615384615384 0.3329326923076923 0.052884615384615384 0.02403846153846154
0 0.4206730769230769 0.2980769230769231 0.07451923076923077 0.028846153846153848
0 0.45552884615384615 0.27524038461538464 0.07932692307692307 0.028846153846153848
0 0.8846153846153846 0.7680288461538461 0.10336538461538461 0.09375
0 0.40384615384615385 0.234375 0.055288461538461536 0.02403846153846154
0 0.6526442307692307 0.35096153846153844 0.07932692307692307 0.036057692307692304